00000000000000000000000000000000000000000000000000000000000000000000000000000000
00000000000000000000000000000000000000000000001110000000000000000000000000000000
00000000000000000000000000000000000000000001000010000000000000000000000000000000
00000000000000000000000000000000000000000000110000000000000000000000000000000000
00000000000000000000000000000000000000000001110000000000000000000000000000000000
00000000000000000000000000000000000000000000100000000000000000000000000000000000
00000000000000000000000000000000000000000101100110000000000000000000000000000000
00000000000000000000000000000000000000011001000000000000000000000000000000000000
00000000000000000000000000000000000000000000001110000000000000000000000000000000
00000010000010000000000000000000000000000000001110000000000000000000000000000000
00000111000111000000000000000000000000000000001110000000000000000000000000000000
00000000000000000000000000000000000000000000000000000000000000000000000000000000
00000000000000000000000000000000000000000000000000000000000000000000000000000000
00000000000000000000000000000000000000000000000000000000000000000000000000000000
00000000000000000000000000000000000000000000000000000000000000000000000000000000
00000000000000000000000000000000000000000000000000000000000000000000000000000000
00000111000111000000000000000000000000000000000000000000000000000000000000000000
00000010000010000000000000000000000000111000000000000000000000000000000000000000
00000000000000000000000000000000000100001000000000000000000000000000000000000000
00000000000000000000000000000000000011000000000000000000000000000000000000000000
00000000000000000000000000000000000111000000000000000000000000000000000000000000
00000000000000000000000000000000000010000000000000000000000000000000000000000000
00000000000000000000000000000000010110011000000000000000000000000000000000000000
00000000000000000000000000000001100100000000000000000000000000000000000000000000
00000000000000000000000000000000000000111000000000000000000000000000000000000000
